000001000000000000000000000000
000001001100000000000000000000
000001011110000000000000000000
000001011111111111111100000000
000001000010100000000100000000
000001000010100000011100000000
000111111111111111110000000000
000001000000100000000000000000
000000000011100000000000000000
000000000110000000000000000000
000000001100000000000000000000
000000011000000000000000000000
000000011000000000000000000000
000000000000000000000000000000
000000000000000000000000000000
000000000000000000000000000000
000000000000000000000000000000
000000000000000000000000000000
000000000000000000000000000000
000000000000000000000000000000
